1+2
x = 3
x = 1+2
x = 1+2;
x
y = x+1
x = x+1